1 0 4.2424275878050217 
2 0 1.635469200026026 
3 2.6815712109910654 0 
4 5.2548548160349826 0 
5 6.0434224634710612 0 
6 3.2569840390431137 1.2608049093907963 
7 1.2686957694031493 3.6338973559573358 
8 0 6.5029007487836799 
9 0 8.7171635209482439 
10 0 9.9352482677044218 
11 0 5.922155925125586 
12 0 3.3557893880191179 
13 2.17366813763977 1.1252819947824175 
14 4.6395840422145644 0 
15 4.8588531472872196 0 
16 1.7172837501378682 0 
17 0 2.2519490385027412 
18 0 4.7330245779772104 
19 0 7.8114634821009297 
20 0 9.7485017177920206 
21 4.5471440476141751 9.7154795826368865 
22 6.5034823748860493 8.2231983451949091 
23 8.7699336628112921 6.1183955782063961 
24 10 3.3232891336919397 
25 10 1.072410657392209 
26 9.7430791784868926 0 
27 8.8217660449039386 0 
28 9.2304053769313636 0 
29 9.8931145765140922 0 
30 10 0 
31 4.4659859522250942 0 
32 3.6353250290898926 1.0179489019339263 
33 2.627866502710829 3.3891576028855623 
34 4.7550968918110099 6.3507960092990237 
35 6.8398394428457401 8.9409033399867557 
36 8.4638184798019491 10 
37 10 10 
38 10 9.1155410846575435 
39 10 6.2365810881202295 
40 10 3.940947072025299 
41 2.2358260751587373 10 
42 0.9958515419990458 10 
43 0.78199041376093203 10 
44 3.7106393433010472 10 
45 6.7103909790881833 10 
46 9.1772745909234992 10 
47 10 7.5929367018923797 
48 10 4.3547061603909816 
49 10 1.7306048945694121 
50 9.5427886582863728 0 
51 0 0 
52 0 0 
53 0 2.4888503786921801 
54 0 5.0652430519010618 
55 0 5.3257272322324241 
56 0 2.7467702758069854 
57 0 0 
58 0.54332719561274845 0 
59 0 3.0224453638707671 
60 0 5.6295975618807974 
61 7.9078766620095555 3.5788261355465658 
62 10 5.3090915652642927 
63 10 7.1790033352516955 
64 10 8.8482461032165123 
65 10 9.843512297553346 
66 10 8.3989897764038517 
67 10 6.6147604287211337 
68 10 4.6225853585137076 
69 10 2.1880881282362283 
70 10 0 
71 0 10 
72 0 9.5267111635684714 
73 2.678411876950276 9.6253158154441323 
74 4.7335843433286806 8.2980420608490881 
75 5.8391142973208829 5.7397349272383584 
76 5.647229457693836 2.7668277109201118 
77 4.1528157822493137 0 
78 6.6564948437501101 0 
79 5.8371580104925007 0 
80 4.2920896261672263 0 
81 1.3427152672066676 10 
82 1.9702692442223815 10 
83 4.0165354627630556 10 
84 2.6440575165341098 10 
85 0.86037310651061449 7.594498603484694 
86 0 4.063293972247803 
87 0 1.275696341813386 
88 0 0 
89 0 0 
90 2.1253462662333682 0 
91 0 0 
92 0.90175970333158006 0 
93 0 0 
94 1.8856368371583718 0 
95 2.7771490450287821 2.3708075147937868 
96 3.0487191011640733 4.8565683336208432 
97 2.3175251545404261 6.7529714687584406 
98 0.45289773809420014 6.9457036922196984 
99 0 4.8736825068090779 
100 0 2.0557348558185531 
