e_0_1 1 2 1.0
e_1_2 2 3 1.0
e_2_3 3 4 1.0
e_3_4 4 5 1.0
e_4_5 5 6 1.0
e_5_6 6 7 1.0
e_6_7 7 8 1.0
e_7_8 8 9 1.0
e_8_9 9 10 1.0
e_10_11 11 12 1.0
e_11_12 12 13 1.0
e_12_13 13 14 1.0
e_13_14 14 15 1.0
e_14_15 15 16 1.0
e_15_16 16 17 1.0
e_16_17 17 18 1.0
e_17_18 18 19 1.0
e_18_19 19 20 1.0
e_20_21 21 22 1.0
e_21_22 22 23 1.0
e_22_23 23 24 1.0
e_23_24 24 25 1.0
e_24_25 25 26 1.0
e_25_26 26 27 1.0
e_26_27 27 28 1.0
e_27_28 28 29 1.0
e_28_29 29 30 1.0
e_30_31 31 32 1.0
e_31_32 32 33 1.0
e_32_33 33 34 1.0
e_33_34 34 35 1.0
e_34_35 35 36 1.0
e_35_36 36 37 1.0
e_36_37 37 38 1.0
e_37_38 38 39 1.0
e_38_39 39 40 1.0
e_40_41 41 42 1.0
e_41_42 42 43 1.0
e_42_43 43 44 1.0
e_43_44 44 45 1.0
e_44_45 45 46 1.0
e_45_46 46 47 1.0
e_46_47 47 48 1.0
e_47_48 48 49 1.0
e_48_49 49 50 1.0
e_50_51 51 52 1.0
e_51_52 52 53 1.0
e_52_53 53 54 1.0
e_53_54 54 55 1.0
e_54_55 55 56 1.0
e_55_56 56 57 1.0
e_56_57 57 58 1.0
e_57_58 58 59 1.0
e_58_59 59 60 1.0
e_60_61 61 62 1.0
e_61_62 62 63 1.0
e_62_63 63 64 1.0
e_63_64 64 65 1.0
e_64_65 65 66 1.0
e_65_66 66 67 1.0
e_66_67 67 68 1.0
e_67_68 68 69 1.0
e_68_69 69 70 1.0
e_70_71 71 72 1.0
e_71_72 72 73 1.0
e_72_73 73 74 1.0
e_73_74 74 75 1.0
e_74_75 75 76 1.0
e_75_76 76 77 1.0
e_76_77 77 78 1.0
e_77_78 78 79 1.0
e_78_79 79 80 1.0
e_80_81 81 82 1.0
e_81_82 82 83 1.0
e_82_83 83 84 1.0
e_83_84 84 85 1.0
e_84_85 85 86 1.0
e_85_86 86 87 1.0
e_86_87 87 88 1.0
e_87_88 88 89 1.0
e_88_89 89 90 1.0
e_90_91 91 92 1.0
e_91_92 92 93 1.0
e_92_93 93 94 1.0
e_93_94 94 95 1.0
e_94_95 95 96 1.0
e_95_96 96 97 1.0
e_96_97 97 98 1.0
e_97_98 98 99 1.0
e_98_99 99 100 1.0
e_0_10 1 11 1.0
e_1_11 2 12 1.0
e_2_12 3 13 1.0
e_3_13 4 14 1.0
e_4_14 5 15 1.0
e_5_15 6 16 1.0
e_6_16 7 17 1.0
e_7_17 8 18 1.0
e_8_18 9 19 1.0
e_9_19 10 20 1.0
e_10_20 11 21 1.0
e_11_21 12 22 1.0
e_12_22 13 23 1.0
e_13_23 14 24 1.0
e_14_24 15 25 1.0
e_15_25 16 26 1.0
e_16_26 17 27 1.0
e_17_27 18 28 1.0
e_18_28 19 29 1.0
e_19_29 20 30 1.0
e_20_30 21 31 1.0
e_21_31 22 32 1.0
e_22_32 23 33 1.0
e_23_33 24 34 1.0
e_24_34 25 35 1.0
e_25_35 26 36 1.0
e_26_36 27 37 1.0
e_27_37 28 38 1.0
e_28_38 29 39 1.0
e_29_39 30 40 1.0
e_30_40 31 41 1.0
e_31_41 32 42 1.0
e_32_42 33 43 1.0
e_33_43 34 44 1.0
e_34_44 35 45 1.0
e_35_45 36 46 1.0
e_36_46 37 47 1.0
e_37_47 38 48 1.0
e_38_48 39 49 1.0
e_39_49 40 50 1.0
e_40_50 41 51 1.0
e_41_51 42 52 1.0
e_42_52 43 53 1.0
e_43_53 44 54 1.0
e_44_54 45 55 1.0
e_45_55 46 56 1.0
e_46_56 47 57 1.0
e_47_57 48 58 1.0
e_48_58 49 59 1.0
e_49_59 50 60 1.0
e_50_60 51 61 1.0
e_51_61 52 62 1.0
e_52_62 53 63 1.0
e_53_63 54 64 1.0
e_54_64 55 65 1.0
e_55_65 56 66 1.0
e_56_66 57 67 1.0
e_57_67 58 68 1.0
e_58_68 59 69 1.0
e_59_69 60 70 1.0
e_60_70 61 71 1.0
e_61_71 62 72 1.0
e_62_72 63 73 1.0
e_63_73 64 74 1.0
e_64_74 65 75 1.0
e_65_75 66 76 1.0
e_66_76 67 77 1.0
e_67_77 68 78 1.0
e_68_78 69 79 1.0
e_69_79 70 80 1.0
e_70_80 71 81 1.0
e_71_81 72 82 1.0
e_72_82 73 83 1.0
e_73_83 74 84 1.0
e_74_84 75 85 1.0
e_75_85 76 86 1.0
e_76_86 77 87 1.0
e_77_87 78 88 1.0
e_78_88 79 89 1.0
e_79_89 80 90 1.0
e_80_90 81 91 1.0
e_81_91 82 92 1.0
e_82_92 83 93 1.0
e_83_93 84 94 1.0
e_84_94 85 95 1.0
e_85_95 86 96 1.0
e_86_96 87 97 1.0
e_87_97 88 98 1.0
e_88_98 89 99 1.0
e_89_99 90 100 1.0